10000
439
447
488
563
602
608
803
892
1129
1182
1245
1336
1374
1482
1483
1599
1649
1848
1851
1885
1916
2015
2034
2046
2091
2283
2296
2304
2339
2399
2403
2500
2638
2663
2956
3029
3030
3086
3099
3379
3399
3442
3524
3740
3843
3960
4045
4159
4486
4568
4590
4650
4693
4817
4821
4837
4924
5186
5346
5466
5491
5549
5575
5599
5655
5669
5990
6098
6165
6208
6243
6310
6353
6358
6549
6623
6725
6934
6987
7015
7253
7328
7446
7542
7658
7707
7768
7839
8036
8086
8094
8098
8107
8236
8504
8760
8795
9107
9325
9422
9438
9470
9756
9804
9857
10081
10117
10119
10166
10281
10347
10426
10663
10848
11552
11778
11798
11925
12018
12087
12132
12182
12595
12748
12804
12986
13011
13042
13182
13259
13406
13518
13557
13666
13763
13890
14083
14091
14125
14179
14346
14406
14439
14534
14568
14617
14637
14692
14823
14921
14925
14964
15079
15089
15326
15380
15565
15601
15612
15685
15728
15843
15905
16000
16065
16397
16484
16515
16532
16592
16775
16866
16893
17069
17086
17150
17222
17248
17284
17428
17474
17488
17538
17576
18042
18308
18325
18343
18409
18549
18551
18581
18692
18718
18777
19074
19173
19255
19273
19362
19471
19745
19771
20071
20189
20230
20378
20499
20566
20731
20762
21095
21148
21179
21261
21303
21308
21382
21465
21473
21538
21599
21667
21746
21825
21955
22032
22203
22325
22403
22431
22469
22550
22612
22797
22805
23037
23132
23206
23262
23332
23360
23440
23597
23648
23649
23671
23683
23978
24402
24627
24681
24774
24846
25001
25006
25155
25465
25486
25499
25585
25588
25615
25627
26049
26116
26148
26203
26228
26282
26283
26294
26447
26711
26718
26864
26976
27125
27151
27438
27448
27511
27578
27740
27748
27848
28058
28104
28356
28399
28733
28818
28951
28980
29008
29042
29303
29318
29353
29357
29713
29727
29793
29917
30284
30451
30484
30502
30520
30615
30742
30806
30822
30836
30866
30867
30980
31156
31352
31637
31849
31915
31926
32044
32088
32092
32269
32274
32352
32363
32425
32585
32675
32712
32723
32855
32864
32951
32968
33087
33240
33343
33403
33432
33452
33525
33683
33684
33752
33828
33845
33947
33951
33953
34098
34155
34307
34443
34602
34912
35039
35165
35820
35822
35970
36027
36086
36136
36432
36505
36808
36831
37127
37200
37266
37349
37376
37648
37667
37680
37778
37827
37829
38004
38024
38422
38470
38579
38763
38999
39103
39202
39249
39271
39294
39331
39568
39585
39587
39680
40015
40031
40076
40204
40366
40468
40744
40755
40770
40829
41156
41168
41196
41237
41376
41519
41593
41650
41764
41798
41856
41858
42018
42020
42070
42082
42220
42308
42396
42418
42767
43093
43263
43273
43412
43555
43699
43733
44118
44416
44492
44500
44508
44522
44724
45036
45146
45193
45325
45387
45479
45533
45693
45708
45833
45961
46315
46414
46503
46648
46794
46842
46853
46876
46989
47177
47252
47265
47380
47386
47490
47707
47879
47905
47921
47970
48125
48169
48225
48261
48368
48650
48805
48813
48972
49121
49145
49261
49401
49487
49575
49655
49766
49778
50000
50106
50109
50237
50245
50530
50627
50714
50739
50870
50905
51155
51173
51230
51248
51322
51941
51946
51973
51978
52016
52020
52028
52158
52209
52349
52351
52622
52691
52737
52821
52947
52949
53055
53123
53238
53320
53685
53866
54006
54057
54125
54582
54670
54680
54783
54793
54818
55025
55090
55201
55223
55313
55531
55534
55594
55606
55687
55917
55973
56129
56150
56245
56279
56348
56467
56520
56593
56636
56721
56740
56748
56772
56835
56865
57077
57153
57472
57681
57697
57715
57805
57895
58010
58158
58217
58258
58377
58380
58516
58704
58871
58894
59013
59033
59113
59265
59279
59310
59330
59343
59355
59434
59509
59564
59581
59641
59929
60137
60211
60389
60468
60624
60640
60677
60690
60769
60963
61001
61159
61227
61245
61305
61484
61509
61848
61952
62000
62011
62099
62702
62932
63113
63401
63510
63524
63654
63656
63674
63692
63870
63996
64116
64237
64282
64325
64347
64419
64433
64759
64901
64928
65020
65315
65333
65481
65614
65742
65832
66243
66314
66506
66575
66656
66715
66865
66921
67176
67215
67343
67483
67601
67675
67717
67889
67930
68077
68117
68118
68136
68162
68183
68204
68315
68343
68563
68656
68672
68757
68836
68850
68970
69083
69421
69641
69940
69979
70006
70131
70138
70157
70335
70390
70524
70636
70711
70802
70823
70884
70905
71057
71088
71140
71183
71185
71188
71275
71307
71390
71464
71648
71683
71892
71896
71958
72389
72443
72643
72661
72663
72704
72870
73110
73530
73538
73569
73686
73783
73796
73811
73922
74077
74089
74394
74508
74632
74712
74888
75016
75022
75133
75190
75214
75283
75345
75370
75410
75555
75565
75592
75601
75829
75840
75883
75988
76109
76153
76329
76410
76495
76545
76835
76928
76934
77109
77267
77298
77507
77579
77790
77942
77974
77991
78072
78096
78107
78193
78376
78394
78409
78550
78558
78743
79039
79300
79784
79900
80121
80122
80227
80229
80309
80327
80452
80690
80779
80809
80849
80999
81134
81179
81655
81798
81820
81918
81921
81944
81962
82031
82075
82077
82194
82411
82481
83292
83353
83417
83702
83918
83970
84276
84439
84475
84501
84535
84556
84705
84733
84745
84815
84849
84963
85057
85092
85116
85132
85257
85279
85317
85505
85577
85774
85851
85996
86042
86118
86238
86396
86426
86512
86583
86607
86826
86842
86936
87009
87017
87032
87070
87282
87332
87370
87457
87470
87516
87739
87852
87881
87967
88095
88120
88138
88198
88217
88295
88420
88557
88563
88706
88764
88782
88874
88884
88932
89036
89075
89210
89321
89477
89490
89704
90150
90151
90269
90379
90427
90687
90799
90915
90949
91031
91059
91121
91241
91434
91652
91757
91794
91795
91844
92045
92174
92194
92272
92302
92353
92383
93138
93440
93485
93499
93529
93724
93790
93834
93973
93978
94033
94132
94248
94273
94305
94426
94578
94610
94774
95108
95137
95185
95270
95276
95289
95313
95414
95476
95546
95576
95758
95986
96019
96114
96285
96300
96312
96328
96375
96376
96406
96422
96474
96605
96769
96791
96940
97256
97418
97464
97481
97719
97728
97784
97889
98074
98138
98150
98363
98452
98509
98685
98756
98793
98812
98933
98975
99019
99129
99135
99465
99470
99480
99619
99670
99915
99962
100306
100800
101003
101027
101087
101479
101599
101607
101732
101933
102081
102109
102352
102405
102424
102504
102867
102961
103170
103189
103199
103298
103370
103432
103568
103626
103743
103816
103851
103950
104061
104090
104123
104168
104732
104840
104898
104943
105129
105393
105500
105600
105661
105665
105751
105910
105971
106183
106319
106396
106402
106468
106628
106893
106907
106957
107149
107167
107235
107244
107391
107392
107603
107648
107670
107834
107962
108161
108225
108262
108445
108479
108577
108694
108717
108852
108977
108986
109081
109133
109250
109786
110033
110129
110213
110346
110541
110591
110637
110666
110694
110869
110902
110904
111089
111196
111212
111287
111332
111483
111511
111733
111758
111954
112133
112186
112692
112774
112784
112791
112796
112883
112948
112971
113256
113268
113383
113435
113506
113575
113688
113741
113812
114153
114359
114400
114423
114435
114477
114610
114720
115056
115075
115271
115283
115456
115650
115661
115960
116095
116177
116242
116408
116448
116547
116585
116685
116745
116897
117008
117053
117358
117717
118039
118045
118140
118487
118520
118528
118566
118578
118684
118776
118906
119013
119417
119533
119590
119653
119681
119829
119851
119859
119879
119894
120040
120050
120199
120357
120413
120466
120599
120955
121087
121199
121226
121425
121474
121535
121548
121588
121751
121896
122005
122040
122121
122352
122424
122564
122698
122811
122836
122920
123218
123266
123314
123398
123449
123493
123646
123769
124045
124156
124203
124212
124250
124279
124581
124675
124743
124794
124944
125016
125284
125350
125374
125403
125404
125491
125618
125783
125784
125865
125941
125971
125975
126024
126089
126137
126216
126542
126792
126800
126935
126988
127118
127443
127734
127789
127801
127988
128031
128303
128458
128577
128582
128592
128854
129131
129204
129346
129364
129413
129592
129743
129753
129755
129760
129762
130080
130244
130377
130433
130613
130765
130963
130976
130983
131073
131102
131139
131318
131400
131430
131459
131483
131488
131597
131607
131648
131652
131830
131961
132002
132010
132082
132211
132410
132482
132597
132679
132847
132920
132941
132961
133051
133102
133221
133389
133442
133586
133966
133994
133996
134195
134378
134403
134535
134568
134687
134719
134763
134776
134885
134915
134972
135083
135098
135103
135106
135116
135171
135381
135401
135403
135449
135455
135467
135584
135587
135623
135693
135735
135833
135863
135873
136070
136286
136462
136553
136721
136778
136792
136881
137166
137676
137735
137923
138057
138110
138330
138378
138433
138473
138474
138522
138643
138706
138785
138802
138859
139003
139034
139326
139517
139688
139753
139794
140008
140011
140032
140049
140066
140131
140154
140365
140440
140752
140859
140881
140902
140923
141045
141281
141423
141449
141511
141580
141643
141686
141704
141776
141918
141945
141961
141980
142038
142151
142239
142249
142356
142387
142448
142509
142548
142566
142567
143057
143104
143317
143430
143500
143528
143553
143602
143615
143886
143891
143896
143914
143995
144082
144192
144282
144307
144417
144508
144553
144680
144814
144976
145018
145064
145129
145267
145281
145416
145462
145530
145675
145739
146094
146123
146148
146298
146365
146579
146638
146813
146827
146871
146899
147141
147164
147176
147473
147487
147580
147616
147669
147724
147760
147828
148256
148272
148329
148501
148636
148657
148697
148805
149854
150120
150356
150383
150406
150787
150816
151085
151093
151191
151439
151583
151719
151891
152045
152072
152117
152154
152164
152209
152261
152293
152439
152449
152596
152607
152638
152753
152756
152972
152973
153267
153468
153706
153862
153988
154007
154066
154081
154119
154174
154247
154338
154505
154765
154920
154984
155171
155191
155305
155330
155649
155650
155708
155835
155992
156121
156150
156192
156467
156530
156550
156607
156651
156680
156778
156841
156890
157025
157108
157112
157156
157204
157232
157233
157308
157425
157443
157524
157554
157579
157703
157871
158000
158037
158207
158259
158297
158729
158836
158915
158954
158958
159271
159549
159588
159693
159839
159894
160144
160213
160214
160460
160485
160514
160551
160574
160784
160836
161045
161458
161663
161707
161712
161878
162029
162154
162435
162471
162495
162547
162602
162740
162812
162884
162953
163077
163281
163295
163377
163466
163626
163711
163758
163805
163840
163848
163914
164092
164268
164332
164517
164627
164868
164882
165005
165160
165251
165278
165289
165297
165436
165444
165462
165512
165581
165608
165641
165890
166086
166135
166220
166298
166299
166379
166534
166612
166618
166647
166769
166828
166838
166964
166970
167168
167253
167274
167363
167471
167472
167485
167526
167760
168044
168059
168281
168550
168576
168823
168895
168924
169095
169144
169224
169259
169321
169361
169401
169641
169657
169884
170023
170032
170075
170184
170204
170422
170489
170521
170567
170634
170745
170801
171217
171466
171896
171953
171973
172097
172165
172178
172378
172440
172473
172474
172517
172694
172698
172811
173127
173242
173279
173291
173328
173522
173634
173660
173723
173724
173833
173852
173967
174106
174172
174197
174436
174440
174553
174563
174592
174731
174902
174925
174993
175001
175204
175309
175374
175461
175518
175535
175546
175549
175562
175609
175763
175809
175977
176086
176212
176392
176497
176570
176647
176746
176959
177260
177620
177924
177951
178026
178067
178102
178227
178338
178788
178810
178846
179064
179076
179120
179143
179156
179189
179201
179327
179365
179489
179653
179661
179662
179676
179822
180110
180241
180340
180636
180658
180832
180862
181103
181198
181371
181421
181455
181736
181862
181866
182147
182171
182196
182211
182212
182571
182605
182755
182799
183018
183170
183251
183277
183456
183557
183650
183667
183933
184005
184103
184127
184180
184302
184399
184419
184430
184450
184490
184676
184721
184917
185128
185188
185490
185518
185522
185590
185610
185645
185718
185739
186081
186092
186312
186344
186373
186378
186383
186483
186546
186820
187204
187263
187277
187387
187448
187526
187528
187613
187695
187723
187745
187783
187854
187890
187943
188061
188114
188283
188291
188805
189235
189260
189263
189410
189558
189671
189925
190008
190139
190532
190582
190734
190868
191231
191398
191452
191496
191553
191702
191817
191868
191915
191946
192012
192067
192212
192252
192344
192365
192428
192546
192613
192868
192922
193062
193160
193180
193208
193218
193411
193647
193811
194045
194075
194103
194175
194203
194286
194369
194558
194627
194650
194714
194864
194959
194966
194997
195010
195031
195091
195094
195135
195238
195314
195325
195403
195453
195486
195699
195753
195792
195841
195850
195876
195894
195999
196111
196139
196176
196190
196219
196236
196245
196474
196574
196676
196754
196782
196840
196881
197006
197161
197754
197950
198039
198049
198073
198269
198366
198415
198440
198452
198707
198736
198741
198889
198904
198916
199128
199174
199208
199574
199611
199809
199975
200101
200234
200631
200695
200828
200847
201018
201036
201074
201108
201142
201285
201296
201328
201623
201786
201935
202223
202290
202457
202461
202483
202818
203088
203129
203246
203281
203484
203522
203699
203702
203783
203843
203925
203947
204208
204274
204387
204529
204767
204784
204833
204867
204960
204971
205027
205180
205362
205442
205468
205528
205635
205642
205725
205746
205960
206426
206628
206702
206794
206812
206866
207056
207267
207513
207589
207884
208069
208082
208189
208285
208407
208415
208417
208436
208481
208549
208567
208580
208688
208774
208865
208881
208919
209014
209053
209090
209097
209267
209306
209310
209390
209470
209659
209932
209967
209969
210148
210181
210220
210225
210252
210434
210511
210649
210775
210820
210896
211225
211329
211401
211506
211601
211643
211684
211811
211933
211940
212125
212303
212339
212355
212565
213008
213083
213141
213160
213234
213358
213382
213411
213414
213447
213460
213483
213570
213591
213781
214260
214305
214452
214468
214564
214817
214888
214974
215119
215123
215248
215392
215405
215562
215589
215727
216051
216079
216110
216137
216243
216291
216374
216375
216403
216469
216473
216533
216601
216658
216747
216761
216790
217065
217289
217350
217396
217517
217672
217702
217749
217827
217833
218094
218127
218289
218410
218431
218435
218513
218575
218609
218933
219081
219107
219141
219211
219313
219373
219374
219402
219465
219479
219606
219659
219688
219800
219812
219934
219980
220116
220309
220465
220501
220509
220532
220560
220610
220964
221002
221092
221118
221179
221280
221310
221374
221448
221579
221724
221849
221878
221944
221964
222182
222244
222405
222408
222412
222650
222695
222812
222825
222836
222855
222860
222955
222986
223129
223133
223342
223388
223477
223478
224370
224442
224482
224517
224525
224600
224616
224637
224736
224770
224902
224917
225213
225410
225482
225495
225512
225521
225538
225583
226424
227268
227280
227365
227473
227610
227733
227819
227918
228165
228240
228279
228291
228373
228472
228537
228556
228611
228664
228709
228768
229028
229094
229320
229324
229339
229378
229463
229539
229592
229709
229710
229765
229801
229895
229958
230055
230173
230234
230262
230293
230307
230466
230482
230513
230633
230742
230802
230868
231111
231128
231131
231215
231329
231513
231538
231683
231687
231762
231862
231874
232022
232093
232132
232164
232361
232518
232587
232591
232911
233065
233149
233229
233276
233280
233354
233363
233631
233979
234075
234474
234664
234671
234695
234759
234996
235035
235201
235229
235396
235533
235672
235728
235992
236008
236199
236302
236478
236496
236615
236626
236662
236723
237051
237053
237123
237134
237388
237468
237551
237623
237795
237875
237889
237896
238025
238039
238076
238165
238277
238609
238714
238742
239044
239109
239231
239235
239330
239459
239503
239696
239958
239968
240104
240111
240209
240210
240285
240665
240829
241018
241264
241770
241842
241905
241919
241932
242050
242094
242121
242439
242543
242573
242644
242672
242736
242842
242886
242945
243034
243173
243245
243403
243502
243575
243783
243964
244189
244266
244273
244321
244327
244507
244585
244592
244643
244652
244662
244864
245038
245144
245243
245364
245401
245482
245640
245675
245775
246052
246218
246419
247053
247127
247295
247385
247535
247764
247946
247990
248215
248575
248620
248702
248974
249050
249075
249161
249221
249228
249533
249672
249702
249863
249990
250112
250297
250486
250538
250669
250689
250761
250781
250798
251135
251230
251246
251262
251362
251438
251463
251604
251621
251645
251725
251729
251737
252385
252514
252535
252799
252959
252997
253021
253077
253129
253162
253172
253197
253217
253225
253450
253656
253736
253746
253753
253924
253971
254208
254328
254356
254630
254649
254954
255273
255327
255361
255634
255722
256213
256318
256355
256379
256652
256762
256805
256906
256984
256991
257014
257154
257189
257314
257433
257440
257445
257528
257634
257649
257674
257873
257883
258101
258195
258224
258290
258454
258460
258543
258801
258806
258839
258879
259030
259060
259101
259187
259212
259391
259597
259650
259754
259767
259813
259967
260041
260042
260299
260474
260587
260735
260762
260869
260992
261066
261101
261134
261228
261234
261293
261450
261503
261665
261722
261827
262155
262156
262249
262279
262313
262337
262684
262694
262738
262779
262803
262897
262956
263313
263345
263414
263528
263545
263567
263574
263661
263730
263857
264292
264342
264644
264668
264739
264900
265034
265240
265385
265442
265712
265785
265925
266040
266179
266228
266363
266432
266462
266527
266582
266672
266713
266995
267041
267187
267191
267224
267420
267421
267469
267795
267925
267966
267974
268100
268112
268213
268253
268605
268656
268849
269007
269053
269227
269479
269621
269775
270154
270324
270445
270470
270473
270789
270828
270877
271309
271354
271395
271620
271697
271746
271828
272011
272138
272268
272419
272437
272520
272541
272648
272716
272772
272856
272861
272954
272959
272966
273151
273228
273252
273294
273436
273448
273546
273596
273630
273735
274071
274095
274129
274168
274375
274447
274464
274562
275151
275206
275653
275657
275665
275717
275745
275776
275910
275980
276205
276238
276452
276516
276558
276721
276756
277034
277161
277514
277753
277770
277814
277818
277833
277858
277926
278016
278186
278307
278313
278629
278648
278681
278772
278774
278883
278886
278967
279035
279127
279404
279444
279546
279566
279597
279730
279821
280038
280043
280063
280087
280129
280327
280343
280407
280484
280514
280970
281004
281044
281125
281154
281164
281327
281542
281618
281753
281981
281991
282025
282069
282174
282249
282261
282291
282329
282398
282403
282430
282628
282751
282789
282894
282901
283013
283404
283446
283536
283565
283668
283795
283806
283836
283841
283939
283972
283982
284013
284135
284386
284892
285003
285120
285131
285188
285376
285472
285500
285526
285642
285653
285711
285802
285914
286094
286151
286307
286442
286504
286548
286669
286913
286923
286956
286960
287127
287152
287262
287372
287395
287455
287486
287506
287507
287524
287595
287686
287732
287778
287858
287871
288101
288125
288173
288208
288449
288543
288705
288816
288918
289145
289152
289264
289289
289465
289541
289777
289919
290141
290252
290324
290547
290562
290785
290842
290851
290897
290919
290970
291026
291034
291044
291073
291345
291357
291380
291402
291457
291558
291561
291644
291703
291810
292429
292513
292528
292531
292680
292773
292778
292865
292929
292931
292939
292961
293015
293207
293337
293412
293489
293532
293839
294061
294297
294395
294492
294563
294737
294769
294833
294844
295035
295077
295091
295205
295217
295260
295432
295439
295452
295471
295556
295565
295651
295689
296033
296293
296307
296458
296478
296708
296709
296727
296809
296993
296996
297114
297245
297282
297339
297527
297558
297569
297679
297830
297916
298097
298264
298286
298358
298410
298413
298444
298542
298667
298677
298773
298837
298880
298925
299063
299090
299185
299338
299351
299406
299416
299662
299868
299926
299935
299971
300124
300156
300170
300310
300359
300385
300567
300644
300812
301018
301047
301137
301581
301599
301655
301722
301725
301789
302125
302329
302414
302454
302588
302620
302970
303094
303106
303127
303163
303249
303311
303403
303607
303633
303934
303980
304050
304226
304431
304444
304636
304693
304749
304807
304964
304985
304999
305197
305207
305227
305587
305597
305619
305681
305711
305750
305841
305907
305921
305952
305958
305982
306195
306266
306302
306314
306522
306568
306804
306812
306901
306996
307261
307478
307480
307561
307980
308113
308228
308233
308255
308539
308542
308663
308736
308809
308839
308887
309133
309175
309242
309252
309299
309303
309347
309364
309367
309403
309514
309610
309638
309758
309877
310021
310073
310168
310234
310286
310635
310710
310725
310727
311048
311072
311216
311628
311654
311706
311719
311814
311979
312007
312018
312091
312111
312187
312380
312495
312545
312550
312683
312728
312810
312813
313120
313332
313351
313381
313440
313574
313588
313745
313778
313798
313930
313958
314138
314222
314230
314370
314434
314471
314701
314994
315033
315162
315222
315303
315418
315445
315655
315706
315738
315748
315833
315867
316099
316320
316872
317007
317200
317233
317249
317793
317875
317893
317894
317976
317983
318003
318037
318159
318444
318476
318519
318603
318637
318736
318787
319077
319112
319202
319307
319374
319387
319470
319573
319712
319809
319852
320029
320101
320121
320197
320281
320330
320379
320447
320488
320840
320853
320936
321143
321243
321247
321323
321328
321341
321391
321471
321543
321640
321668
321699
321933
322053
322105
322332
322405
322461
322597
322626
322636
322764
322870
323041
323080
323135
323148
323668
323742
323761
323854
323975
324172
324208
324247
324302
324436
324437
324479
324833
325027
325081
325177
325203
325326
325343
325348
325375
325471
325730
325828
325905
326009
326015
326078
326135
326193
326197
326287
326349
326454
326488
326499
326581
326820
326943
326999
327101
327201
327290
327425
327441
327738
327739
328050
328160
328257
328283
328474
328487
328684
328962
329000
329005
329148
329235
329244
329522
329588
329674
329710
329759
329907
329987
330050
330081
330212
330251
330440
330581
330724
330731
330741
330846
330953
330967
331154
331182
331197
331231
331239
331298
331312
331335
331382
331411
331417
331441
331466
331690
331792
332116
332173
332226
332331
332408
332434
332443
332589
332616
332783
332865
332932
332940
333246
333298
333338
333457
333604
333644
333732
333838
333896
334142
334271
334397
334636
334763
334798
335014
335088
335104
335111
335190
335272
335412
335609
336200
336778
336991
337010
337178
337194
337349
337399
337566
337845
338110
338170
338296
338756
338778
338812
338951
339056
339209
339272
339282
339302
339347
339596
339617
339655
339718
339719
339787
339943
339957
339991
340017
340338
340377
340383
340421
340572
340579
340863
340891
341124
341166
341214
341256
341456
341763
341788
341799
341802
341886
341960
342137
342195
342290
342603
342615
342778
342810
343049
343082
343110
343161
343218
343324
343347
343355
343385
343410
343570
343572
343595
343649
343725
343839
343942
344047
344069
344075
344109
344169
344237
344454
344465
344651
344698
344914
344959
345002
345020
345083
345139
345207
345421
345554
345585
345675
345743
345765
345794
345984
346248
346269
346296
346307
346488
346602
346610
347047
347071
347094
347128
347423
347530
347604
347616
348005
348054
348224
348255
348270
348543
348608
348661
348817
349003
349049
349054
349065
349208
349271
349310
349413
349571
349695
349710
349736
349797
349817
349848
350182
350468
350499
350528
350688
350762
350892
351059
351123
351142
351228
351283
351291
351301
351362
351679
351797
352013
352067
352112
352303
352369
352386
352518
352559
352688
352898
352980
353022
353091
353156
353208
353286
353307
353356
353367
353518
353545
353728
353867
353923
354092
354165
354201
354309
354601
354805
354961
355108
355334
355660
355798
355814
355844
355857
355889
356018
356094
356095
356479
356573
356674
356675
356704
356773
356853
357035
357102
357315
357365
357401
357465
357635
357688
358145
358276
358302
358352
358748
359046
359121
359197
359350
359369
359417
359509
359526
359542
359550
359858
359926
360044
360076
360122
360127
360129
360244
360252
360272
360322
360422
360855
361000
361022
361558
361856
362004
362028
362106
362145
362251
362265
362321
362745
362934
363145
363185
363195
363251
363279
363343
363507
363584
363615
363654
363695
363736
363739
363872
364068
364267
364412
364591
364643
364672
364757
364815
364824
364864
364889
364931
365074
365222
365288
365462
365486
365528
365531
365544
365558
365779
365883
365971
366160
366244
366486
366506
366527
366726
366751
366870
366877
366890
366967
366983
367268
367309
367517
367888
368248
368338
368389
368562
368679
368825
368847
368926
369025
369036
369726
369757
369845
370130
370253
370270
370539
370727
370814
370867
370946
371013
371115
371264
371352
371435
371618
371766
371779
371795
371824
371941
372064
372229
372238
372574
372593
372615
372637
372829
372833
373062
373459
373516
373542
373544
373608
373740
373842
373869
373914
373915
374027
374132
374182
374316
374349
374577
374721
374783
375124
375146
375150
375320
375383
375421
375496
375599
375826
375880
376119
376222
376355
376369
376522
376565
376575
376608
376725
376911
376954
376968
376989
377981
378001
378228
378274
378295
378569
378659
378732
378804
378990
379446
379447
379628
379647
379690
379841
380252
380394
380420
380499
380550
380671
380743
380867
380908
380951
381167
381591
381620
381635
381794
381912
381935
382168
382400
382562
382644
382674
382744
382787
382860
383068
383084
383225
383332
383445
383578
383592
383635
383715
383730
383961
384075
384162
384228
384637
384688
384961
385023
385124
385517
385562
385563
385583
385596
385801
385868
386005
386193
386425
386547
386627
386733
386784
386867
386884
387050
387067
387256
387555
387653
387740
387779
387804
388162
388360
388473
388487
388517
388648
388772
388874
389001
389089
389147
389254
389294
389316
389317
389349
389725
389753
389901
390181
390285
390357
390761
390762
390797
390929
391019
391112
391140
391816
391888
391909
391912
392257
392277
392307
392632
392638
392662
392668
392846
392885
392941
393000
393030
393061
393335
393738
393924
394347
394424
394463
394486
394501
394541
394699
394758
394826
394857
394929
395098
395100
395210
395263
395315
395325
395337
395391
395395
395428
395608
395694
395821
395846
396032
396121
396153
396223
396267
396274
396436
396497
396698
396872
396997
397208
397240
397353
397386
397480
397556
397586
397589
397621
397708
397762
397911
397974
398262
398309
398328
398380
398438
398470
398524
398578
398744
399589
399596
399603
399716
399723
399831
399905
400001
400159
400249
400302
400329
400449
400617
400635
400792
401028
401184
401256
401440
401715
401829
401924
402231
402388
402416
402466
402546
402550
402626
402658
402666
402765
402826
402862
402939
403090
403117
403137
403228
403304
403418
403496
403594
403601
403618
403689
403764
403843
403858
403859
403929
403939
404005
404063
404397
404483
404722
404750
404873
404945
404948
404962
404976
405170
405175
405177
405364
405485
405547
405572
405629
405788
405789
405796
405806
405847
405855
405867
405963
406015
406031
406090
406263
406271
406449
406465
406553
406906
407060
407175
407189
407514
407566
407587
407596
407628
407719
408258
408261
408344
408397
408548
408584
408644
409031
409257
409341
409386
409412
409482
409812
409950
410402
410421
410425
410485
410536
410620
410765
410857
410901
410964
410991
411024
411124
411206
411323
411409
411634
411752
411891
411969
412075
412088
412131
412253
412363
412467
412500
412572
412695
412779
413190
413335
413457
413467
413563
413650
413673
413683
413698
413876
413911
413917
413953
414055
414264
414421
414757
414811
414901
415015
415019
415024
415125
415143
415212
415270
415271
415345
415369
415505
415687
415729
415782
416018
416040
416207
416361
416545
416580
416616
416914
416965
417001
417032
417111
417206
417239
417279
417289
417323
417472
417485
417709
417999
418131
418148
418557
418564
418632
418669
418741
418867
418885
418954
419061
419328
419355
419628
419687
419759
419818
419978
420002
420084
420297
420565
420569
420593
420607
420834
421132
421165
421473
421580
421623
421682
421885
421947
422201
422207
422241
423004
423190
423212
423441
423509
423516
423544
423548
423617
423674
423760
423916
423934
423936
423969
424143
424206
424256
424352
424453
424712
424903
425082
425210
425298
425357
425388
425399
425410
425733
425820
425889
425899
425946
426155
426175
426327
426372
426374
426381
426392
426688
426709
426815
426919
427024
427050
427105
427156
427205
427259
427277
427314
427386
427608
427680
427686
427832
428022
428028
428054
428305
428425
428440
428464
428500
428737
428837
428916
428922
429015
429169
429380
429610
429644
429851
430028
430220
430248
430323
430356
430380
430567
430622
430717
430751
430795
430847
431124
431156
431493
431572
431577
431581
431632
431727
431738
431909
432019
432060
432118
432289
432442
432476
432507
432762
432764
432795
433005
433062
433063
433074
433153
433160
433168
433274
433357
433471
433654
433738
433940
434020
434121
434182
434215
434411
434499
434508
434766
434780
435698
435781
435787
435794
435837
435850
436208
436252
436391
436511
436537
436681
436826
436874
436911
436961
436975
436977
436992
437030
437126
437161
437223
437234
437315
437409
437443
437528
437558
437566
437637
437687
437738
437800
437832
437918
437942
438129
438221
438299
438365
438453
438647
438670
438679
438917
439039
439064
439068
439075
439108
439128
439221
439443
439593
439679
439710
440033
440240
440258
440276
440447
440492
440581
440781
441401
441533
441690
441737
441900
441961
441984
442010
442040
442098
442262
442361
442451
442506
442537
442600
442752
442772
442872
442960
443193
443225
443342
443414
443488
443949
444007
444155
444157
444213
444230
444260
444343
444427
444607
444955
444973
444975
445144
445206
445217
445307
445417
445494
445555
445580
445583
445941
446009
446090
446192
446308
446310
447001
447079
447239
447403
447424
447449
447521
447734
447764
448033
448039
448102
448131
448195
448222
448598
448637
448711
448738
448790
448817
448881
448980
449136
449264
449356
449386
449391
449454
449465
449481
449595
449655
449845
449995
449998
450058
450067
450241
450344
450351
450362
450503
450566
450600
450679
450714
450730
450745
450789
450839
450995
451043
451102
451146
451182
451385
451473
451525
451560
451677
451752
451760
451887
452011
452116
452350
452493
452564
452596
452643
452651
452654
452697
452939
453048
453072
453134
453180
453198
453304
453308
453439
453525
453669
453678
453748
453972
454262
454267
454298
454330
454531
454560
454674
454728
454863
454909
454910
454944
455130
455287
455291
455294
455680
455744
455794
455940
456077
456136
456148
456250
456515
456687
456759
456860
456898
456910
457032
457108
457149
457329
457349
457418
457419
457492
457507
457718
457735
457831
457930
457940
457954
457958
457988
458042
458044
458049
458088
458217
458391
458459
458466
458657
458904
458915
459048
459178
459226
459261
459323
459325
459575
459654
459833
459891
459953
460100
460135
460235
460280
460367
460404
460483
460510
460739
460982
461116
461142
461197
461206
461255
461392
461401
461408
461475
461523
461552
461587
461621
461656
461783
461891
462298
462399
462411
462569
462590
462599
462741
462743
462817
462942
463037
463040
463061
463160
463232
463366
463419
463535
463736
463750
463895
464059
464278
464281
464361
464741
464976
465158
465253
465406
465411
465543
465548
465565
465651
465770
465867
465972
465989
466032
466051
466087
466354
466438
466540
466593
466704
466793
466795
466841
466869
467097
467214
467285
467315
467472
467479
467505
467510
467754
467791
467808
467836
468084
468180
468312
468562
468724
468756
468910
468913
469093
469136
469320
469406
469461
469574
469661
469715
470109
470119
470123
470361
470420
470566
470733
471016
471103
471159
471198
471237
471263
471307
471314
471552
471637
471655
471669
471721
471917
471976
472013
472029
472191
472229
472321
472359
472362
472389
472425
472491
472734
472835
473011
473086
473130
473213
473306
473323
473339
473437
473496
473521
473564
473752
473834
473873
473874
473928
473944
474369
474414
474454
474460
474489
474551
474559
474690
474741
474783
474794
474960
475161
475221
475515
475557
475680
476094
476191
476291
476299
476386
476397
476455
476492
476589
476764
476884
476904
476993
477126
477403
477418
477518
477607
477766
477816
477823
477825
477962
478033
478219
478342
478456
478585
478606
478625
478698
479077
479221
479237
479350
479667
479767
479923
479970
479975
480012
480049
480095
480557
480719
480977
481161
481205
481415
481430
481586
481602
481737
481747
481787
481859
481987
482195
482200
482335
482912
482976
483041
483082
483211
483233
483322
483401
483487
483584
483834
483921
483988
484014
484243
484300
484366
484394
484417
484430
484754
484770
484891
484920
485094
485110
485129
485255
485472
485506
485563
485797
486153
486329
486330
486346
486398
486464
486501
486614
486896
486941
487001
487180
487243
487307
487390
487430
487444
487591
487730
487931
488012
488083
488096
488247
488516
488610
488642
488736
488799
488877
488878
488964
488982
489112
489203
489246
489289
489363
489432
489440
489545
489628
489728
489834
489860
489884
490249
490430
490432
490435
490616
490715
490955
491040
491357
491367
491482
491532
491582
491887
491977
492127
492158
492204
492246
492340
492383
492463
492484
492485
492552
492713
492780
492890
492910
492937
493052
493235
493255
493298
493342
493353
493380
493396
493647
493776
493813
494207
494275
494446
494480
494542
494565
494617
494737
494744
494826
494855
495034
495035
495074
495121
495124
495378
495674
495691
495702
495785
495964
496039
496083
496224
496296
496346
496511
496527
496596
496835
496842
496902
496930
496934
497095
497225
497464
497571
497663
497700
497770
497875
497902
497933
498025
498070
498086
498131
498202
498304
498310
498328
498337
498393
498473
498560
498702
498928
498997
499011
499100
499226
499415
499431
499520
499534
499746
499863
499898
499956
500287
500302
500417
500431
500488
500533
500611
500808
501026
501310
501493
501839
501950
502047
502290
502482
502773
502941
503056
503135
503178
503239
503289
503509
503516
503687
503943
503961
504069
504091
504125
504146
504262
504279
504285
504417
504454
504544
504717
504845
504900
505053
505282
505318
505355
505392
505406
505653
505887
506177
506220
506902
506921
506958
506994
507028
507356
507380
507386
507467
507500
507600
507757
507904
507934
508025
508208
508424
508609
508619
508685
508873
509002
509208
509396
509600
509851
509878
509956
510004
510168
510180
510299
510338
510517
510672
510732
510775
510832
510887
511005
511113
511396
511422
511563
511573
511578
511719
511878
511991
512076
512423
512689
512772
512865
512994
513318
513367
513511
513674
513747
513796
513947
514009
514100
514163
514284
514375
514603
514764
514874
515060
515065
515205
515269
515279
515287
515358
515518
515788
515898
515955
516127
516254
516334
516517
516571
516573
516698
516724
516821
516883
516952
517020
517186
517392
517436
517468
517565
517642
517643
517781
517836
517927
518056
518462
518502
518617
518725
518929
518959
519143
519159
519282
519346
519393
519408
519579
519602
519616
519652
519731
519780
519958
519996
520164
520181
520242
520256
520443
520504
520911
520939
521059
521152
521205
521210
521218
521287
521297
521567
521642
521652
521661
521664
521757
521921
522293
522333
522349
522625
522775
522809
523002
523058
523218
523250
523302
523432
523721
523852
523870
523890
524090
524130
524314
524390
524819
524955
524963
525033
525331
525352
525586
525795
525943
526011
526069
526330
526457
526462
526484
526573
526580
526664
526667
526721
526845
526853
526932
526942
526982
527204
527293
527453
527499
527524
527537
527555
527578
527582
527654
527891
527912
527938
528049
528068
528207
528293
528304
528448
528545
528658
528696
528701
528740
528796
528829
529271
529290
529400
529572
529717
529825
529857
530009
530072
530132
530196
530249
530363
530404
530434
530758
530778
530908
530912
530944
530952
531078
531197
531219
531236
531356
531448
531485
531632
531739
531780
531905
532372
532446
532591
532633
532655
532769
532839
532897
532995
533130
533135
533462
533512
533524
533665
533711
533930
533991
534009
534042
534087
534106
534132
534193
534229
534258
534358
534422
534671
534806
534854
534901
534979
535014
535282
535567
535611
535661
535749
535827
535841
535982
536061
536160
536229
536304
536339
536377
536463
536593
536607
536609
536677
536736
536770
536862
536989
537079
537152
537165
537287
537440
537521
537622
537845
537919
538359
538415
538500
538536
538713
538900
539034
539057
539138
539140
539294
539382
539529
539538
539588
539683
539693
539857
539858
540028
540156
540260
540351
540471
540496
540561
540591
540641
540842
540860
541085
541145
541227
541264
541409
541472
541561
541599
541601
541633
541640
541644
541650
541944
541967
541968
542094
542178
542338
542424
542490
542517
542572
542614
542994
543063
543117
543169
543274
543484
543591
543598
543742
543832
543979
544013
544035
544064
544241
544279
544373
544387
544425
544434
544492
544716
544804
544837
544943
545091
545174
545195
545203
545292
545391
545432
545511
545546
545587
545651
545713
545754
545864
546012
546022
546189
546261
546279
546358
546399
546403
546493
546516
546557
546571
546616
546729
546878
546954
546973
547046
547120
547141
547172
547219
547292
547347
547503
547610
547709
547781
547974
548049
548078
548092
548152
548336
548395
548539
548659
548700
548774
548822
548872
549008
549142
549399
549581
549891
550218
550459
550580
550750
551054
551124
551129
551156
551257
551262
551282
551416
551590
551648
551991
552045
552059
552160
552238
552293
552335
552386
552502
552529
552564
552650
552741
552830
552970
553004
553146
553167
553241
553270
553372
553428
553503
553564
553603
553883
554033
554142
554716
554794
554821
554884
554950
554969
555047
555187
555292
555303
555330
555423
555453
555454
555465
555466
555589
555625
555626
555702
555764
555870
555961
556181
556202
556238
556440
556448
556794
556898
556931
556954
557076
557161
557482
557510
557624
557905
557927
557996
558094
558172
558284
558321
558403
558424
558494
558502
558551
558560
558667
558694
558830
559083
559170
559282
559602
559607
560020
560120
560186
560204
560330
560424
560650
560728
561260
561437
561484
561533
561571
561732
561886
562161
562173
562215
562365
562441
562866
562876
562960
563018
563245
563347
563407
563467
563481
563532
563974
563983
564071
564111
564216
564350
564362
564595
564598
564778
564797
565002
565067
565392
565403
565467
565598
565621
565650
565658
565663
565671
565726
565773
565883
565929
566079
566188
566196
566362
566537
566715
566877
566951
566953
566991
567245
567357
567407
567623
567891
567961
568402
568487
568617
568804
569041
569107
569175
569248
569266
569429
569728
569747
569820
569841
570043
570188
570189
570313
570335
570459
570496
570641
570678
570713
570758
570793
570904
570999
571044
571142
571207
571230
571287
571471
571575
571683
571830
571901
571975
572135
572208
572301
572571
572640
572714
572767
572800
572885
573007
573014
573269
573296
573368
573374
573465
573498
573560
573744
573829
573933
574009
574058
574131
574146
574258
574295
574300
574336
574362
574399
574405
574476
574555
574682
574764
574785
574899
575150
575256
575310
575311
575468
575486
575528
575558
575639
575832
576212
576568
576711
576720
576723
576763
576874
576945
577193
577285
577319
577444
577589
577597
577667
577909
577914
578080
578326
578500
578541
578710
578872
578944
579024
579052
579115
579145
579163
579208
579229
579367
579503
579661
579718
579732
579801
579819
579836
579841
579911
579922
579965
579975
580043
580066
580106
580245
580286
580314
580390
580421
580562
580578
580609
580661
580735
580781
580919
580933
580960
581124
581151
581157
581267
581297
581468
581488
581685
581698
581771
581917
581966
581988
582208
582361
582462
582549
582573
582742
583014
583103
583147
583156
583411
583414
583449
583451
583491
583563
583661
583717
583758
584306
584351
584392
584448
584556
584621
584652
584713
584855
584883
584935
584950
585075
585140
585185
585317
585554
585560
585643
585666
585761
585776
585809
585884
586138
586370
586378
586383
586497
586556
586576
586585
586940
587341
587387
587447
587626
587698
587746
587865
587989
588080
588201
588260
588487
588748
588773
588889
588992
589143
589175
589188
589218
589257
589356
589433
589604
589837
589962
590030
590100
590126
590253
590447
590531
590972
591200
591201
591426
591534
591537
591623
591767
592016
592140
592160
592185
592376
592544
592616
592766
592775
592806
592837
593003
593026
593169
593340
593409
593434
593537
593696
593720
593756
593860
594009
594041
594158
594234
594254
594264
594413
594437
594653
594912
594933
595131
595639
595713
595783
595835
596004
596078
596304
596605
596667
596800
596853
596857
596889
596890
596925
597084
597106
597218
597370
597524
597598
597622
597703
597732
597733
597753
597814
597987
598119
598288
598476
598547
598847
598888
599043
599090
599112
599124
599314
599378
599581
599668
599680
599984
600100
600134
600148
600283
600307
600320
600366
600410
600477
600549
600657
600753
600791
600874
600950
600960
601005
601114
601136
601271
601328
601417
601429
601720
601916
601985
602214
602301
602371
602431
602536
602601
602640
602914
603012
603202
603211
603263
603389
603396
603494
603496
603705
603778
604051
604053
604074
604150
604196
604199
604256
604354
604424
604438
604585
604809
604892
605026
605071
605096
605174
605236
605445
605575
605770
605802
605818
605867
605900
605941
605980
606016
606086
606317
606511
606573
606640
606684
606872
606876
607043
607107
607186
607219
607261
607286
607289
607367
608061
608107
608127
608149
608264
608316
608435
608461
608542
608668
608746
608840
608921
608993
609250
609326
609336
609390
609507
609565
609718
609861
609936
610015
610017
610021
610028
610038
610090
610187
610272
610281
610283
610384
610404
610440
610551
610574
610577
610700
610712
610822
611045
611085
611149
611253
611300
611518
611530
611598
611616
611649
611733
612061
612064
612100
612139
612142
612210
612323
612505
612534
612637
612716
612903
612943
613039
613158
613289
613495
613549
613718
613771
613928
613960
614099
614145
614170
614402
614479
614515
614726
614822
614944
615084
615230
615311
615372
615446
615472
615595
615646
615959
616187
616239
616283
616362
616445
616446
616596
616641
616711
616745
616780
616835
616851
616875
616931
616966
617046
617071
617164
617192
617267
617309
617514
617623
617763
618167
618251
618629
618753
618805
619012
619113
619170
619221
619614
619725
619751
620116
620160
620194
620196
620380
620446
620670
620685
621044
621060
621140
621180
621356
621472
621499
621559
621574
621609
621639
621773
621801
621825
621828
621995
622073
622085
622414
622486
622502
622682
622696
622838
622866
622916
622948
622989
623192
623323
623405
623540
623596
623838
623908
623921
623938
624054
624277
624300
624309
624400
624462
624542
624557
624567
624640
624648
624777
624781
625000
625028
625077
625107
625468
625505
625606
625682
625720
625830
625900
625904
625914
625959
625969
626052
626185
626345
626559
626792
626815
626889
626921
626939
627002
627038
627229
627276
627287
627323
627348
627385
627399
627442
627571
627622
627856
627900
627949
628021
628030
628049
628201
628224
628225
628313
628350
628588
628916
628977
629075
629215
629331
629552
629892
630057
630092
630173
630186
630381
630552
630801
630963
631030
631216
631310
631322
631419
631582
631700
631704
631707
631788
632064
632282
632362
632380
632384
632401
632696
632780
632834
632915
633055
633107
633109
633274
633380
633474
633860
634091
634224
634406
634536
634669
634673
634689
634717
634734
634766
635037
635256
635330
635444
635552
635651
635707
636586
636620
636935
637011
637031
637050
637084
637336
637348
637399
637439
637462
637677
637864
638133
638209
638239
638369
638442
638581
638665
638704
638746
638827
638993
638998
639109
639204
639268
639343
639381
639481
639488
639541
639550
639652
639680
639783
639874
640090
640106
640135
640476
640527
640560
640584
640648
640804
640917
641003
641046
641063
641248
641330
641451
641486
641500
641618
641635
642019
642458
642676
643099
643113
643179
643289
643431
643504
643537
643544
643556
643580
643734
643756
643768
644134
644210
644406
644550
644586
644665
644704
644749
644834
644849
645035
645090
645127
645387
645397
645469
645564
645614
645747
645866
645926
645928
646172
646271
646444
646536
646795
646808
646893
646957
647119
647239
647244
647314
647584
647625
647810
647826
647855
647870
647894
647902
647957
648257
648341
648416
648459
648511
648797
648815
648933
649265
649530
649668
649685
649690
650056
650085
650096
650164
650169
650200
650265
650345
650347
650385
650391
650408
650411
650437
650530
650606
650656
650717
650786
651161
651284
651324
651347
651410
651415
651488
651630
651993
652107
652129
652186
652349
652396
652443
652478
652520
652593
652648
652657
652840
652884
653145
653150
653178
653186
653303
653372
653678
653842
653866
653878
654016
654106
654193
654243
654825
654895
654989
655157
655173
655778
655854
655926
655989
656143
656252
656270
656413
656782
656889
657120
657451
657470
657535
657674
657737
657752
657787
657828
657920
658111
658204
658225
658468
658597
658632
658647
658676
658812
659048
659143
659211
659258
659289
659316
659331
659358
659402
659450
659805
659940
659995
660202
660298
660436
660582
660599
660697
660705
661010
661196
661242
661471
661541
661602
661668
661684
662100
662241
662277
662281
662293
662332
662680
662737
662828
662949
662981
662985
663026
663273
663336
663388
663393
663451
663460
663469
663581
663610
663810
663856
663903
663944
663983
664118
664160
664277
664483
664606
664709
664935
664946
664947
665257
665344
665638
665722
665766
665775
665780
665891
666051
666145
666173
666189
666193
666271
666348
666395
666469
666474
666519
666571
666642
667020
667078
667169
667281
667284
667352
667397
667424
667495
667706
667715
667786
667824
667890
668072
668111
668114
668256
668571
668708
668828
669008
669062
669319
669531
669554
669674
669896
669994
670031
670147
670398
670409
670563
670576
670596
670639
670657
670782
671075
671104
671389
671474
671801
671916
672086
672119
672237
672456
672467
672765
672849
673044
673066
673199
673407
673464
673469
673496
673720
673764
673826
673940
674213
674244
674342
674640
674888
675013
675035
675097
675682
675733
675884
676282
676415
676463
676575
676696
676809
676874
676920
677053
677106
677214
677349
677400
677530
677797
677932
678004
678161
678622
678629
678683
678695
678820
679102
679243
679248
679319
679320
679646
679704
679725
679739
679792
679986
680069
680073
680178
680442
680517
680547
680556
680581
680591
680610
680791
680824
680875
680957
681248
681251
681343
681366
681619
681674
681776
681818
681903
682039
682041
682117
682231
682297
682388
682452
682467
682556
682632
682659
682778
682861
682950
683060
683086
683218
683554
683642
683742
683746
683789
683831
684020
684055
684100
684121
684194
684266
684283
684412
684603
684768
685157
685208
685254
685315
685374
685400
685436
685761
685835
685914
685923
685935
685939
686003
686053
686245
686388
686792
686818
686934
687016
687497
687648
687729
687802
687834
687992
688138
688215
688266
688327
688411
688476
688642
688728
688754
688764
688818
688820
688963
689131
689165
689251
689354
689376
689504
689627
689749
690003
690019
690084
690135
690169
690240
690295
690325
690394
690414
690439
690724
690725
690770
690790
690813
690819
690825
690862
690874
691024
691123
691155
691264
691276
691472
691652
691667
691919
692231
692617
692640
692772
692799
692994
693119
693359
693392
693486
693615
693635
693704
693806
693923
694256
694350
695016
695030
695235
695284
695365
695636
695705
696016
696140
696220
696238
696269
696406
696475
696488
696520
696574
696879
696890
697012
697042
697096
697263
697325
697459
697756
697927
697964
698171
698264
698302
698370
698393
698411
698443
698536
698566
698610
698627
698692
698694
698906
698934
699262
699279
699289
699316
699340
699368
699388
699433
699536
699566
699745
699907
700070
700285
700573
700760
700820
701027
701179
701182
701239
701286
701480
701606
702230
702400
702448
702605
702804
702826
702945
703020
703129
703500
703506
703615
703616
703953
703984
703989
704031
704179
704236
704275
704333
704383
704463
704487
704565
704710
704816
705091
705228
705307
705361
705404
705526
705807
705860
705872
706116
706148
706373
706375
706462
706854
706885
706942
707035
707074
707079
707180
707253
707290
707345
707724
707728
707838
708039
708287
708531
708589
708612
708681
708737
708782
708804
709005
709093
709176
709489
709510
709567
709773
710013
710151
710278
710298
710383
710425
710613
710684
710962
711006
711024
711072
711295
711333
711387
711435
711442
711588
711878
711896
711997
712176
712225
712401
712663
712778
712792
712956
712978
713009
713105
713257
713353
713361
713376
713505
713589
713640
713703
713855
713930
713978
714024
714188
714225
714538
714634
714828
714839
714843
714849
714981
715194
715220
715326
715332
715878
715994
716017
716310
716383
716486
716508
716525
716697
716878
717228
717330
717337
717341
717405
717530
717600
717854
717868
718052
718083
718089
718132
718197
718218
718221
718224
718226
718253
718308
718330
718341
718399
718687
718827
718909
718988
719086
719104
719137
719260
719292
719296
719300
719352
719451
719481
719583
719746
719763
719868
719874
719924
720246
720367
720380
720381
720403
720498
720614
720774
720844
720861
720911
721036
721166
721330
721361
721426
721543
721621
721675
721839
722171
722277
722330
722404
722542
722557
722848
722986
723264
723313
723357
723451
723581
723666
723919
723983
724049
724059
724087
724137
724216
724256
724549
724687
724760
724934
725014
725149
725222
725279
725371
725482
725533
725604
725774
725801
725833
725836
726010
726088
726180
726424
726456
726984
727159
727359
727418
727543
727582
727634
727835
727839
727851
727896
728112
728219
728344
728505
728666
728739
728911
728964
729342
729477
729542
729561
729794
729966
729985
730032
730085
730106
730194
730202
730215
730248
730387
730484
730527
730596
730620
730817
730987
731031
731043
731127
731128
731167
731256
731288
731329
731629
731816
731838
731879
732014
732312
732325
732353
732399
732602
732644
732673
732798
732847
732862
732988
733096
733293
733492
733534
733579
733725
733745
733830
733953
734060
734087
734125
734188
734196
734331
734580
734619
734808
735039
735643
735654
735696
735723
735791
735864
735976
736041
736071
736102
736110
736227
736325
736483
736691
736747
736771
736802
736879
737090
737132
737183
737203
737209
737277
737427
737624
737675
737769
737983
738047
738063
738433
738663
738931
738986
739094
739211
739368
739555
739562
739745
739830
739935
739990
740004
740018
740318
740805
740892
740912
741091
741420
741443
741834
741872
742000
742149
742158
742253
742556
742604
743062
743259
743514
743741
743754
743802
743960
744070
744113
744386
744415
744587
744663
744752
744769
745123
745287
745484
745741
745852
745862
746102
746174
746649
746760
746878
746950
747121
747178
747227
747526
747654
747731
747843
747905
747936
747966
748034
748047
748351
748431
748447
748478
748503
748557
748591
748813
748843
748878
748922
749002
749020
749116
749222
749269
749405
749507
749772
749791
749819
750274
750288
750301
750372
750529
750683
750750
750950
750959
751164
751268
751340
751480
751534
751578
751856
752115
752233
752296
752367
752652
752732
752784
753020
753030
753124
753212
753258
753259
753387
753413
753436
753525
753538
753565
753855
754056
754071
754110
754304
754305
754376
754482
754534
754684
754697
754798
754858
754904
754938
755100
755204
755295
755739
755788
755858
755885
755905
755989
756097
756196
756373
756388
756432
756478
756492
756512
756526
756869
756915
756931
756944
756998
757125
757139
757208
757550
757701
757732
757880
758049
758111
758136
758235
758630
758678
758731
758812
758939
758954
759116
759266
759378
759411
759654
759657
759822
759925
759936
760130
760297
760438
760462
760479
760695
760875
761094
761220
761322
761327
761383
761403
761445
761466
761510
761564
761628
762084
762127
762184
762222
762266
762369
762572
762727
762786
762840
763117
763326
763366
763593
763597
763653
763868
764241
764254
764265
764469
764512
764719
764725
764836
764960
765272
765349
765399
765481
765498
765552
765619
765647
765908
765935
766069
766200
766232
766262
766343
766373
766475
767090
767147
767198
767234
767235
767236
767402
767498
767530
767558
767630
767650
767872
768040
768086
768106
768322
768405
768506
768534
768554
768852
769003
769041
769092
769119
769312
769349
769378
769379
769600
769629
769631
769650
769856
769891
770006
770052
770079
770208
770226
770309
770365
770389
770492
770538
770637
770680
770774
770814
770883
770892
771017
771243
771302
771349
771418
771446
771479
771722
771806
771811
772261
772388
772404
772422
772684
772732
772892
773079
773197
773267
773468
773500
773567
773680
773692
773874
774045
774056
774245
774258
774264
774451
774486
774516
774565
774593
774654
774704
774860
774865
775180
775228
775431
775493
775506
775695
775722
775740
775841
775995
776008
776267
776276
776321
776349
776369
776378
776672
776691
776762
776872
776934
777001
777080
777157
777350
777414
777424
777580
777645
777683
778078
778085
778121
778124
778162
778297
778394
778563
778727
778730
778809
779099
779103
779154
779185
779248
779293
779602
779691
779728
779751
779835
779853
780041
780365
780366
780467
780511
780530
780531
780533
780597
780655
780865
780889
780994
781428
781476
781499
781540
781583
781712
781713
781782
781791
781806
781854
781895
781907
781995
782128
782219
782283
782412
782650
782740
782941
782995
783150
783168
783260
783282
783497
783641
783720
783730
783807
783934
783988
784029
784063
784148
784168
784407
784421
784532
784583
784640
784772
784877
785059
785062
785069
785171
785304
785311
785382
785660
785741
785761
785841
785870
785935
785994
786029
786150
786311
786315
786332
786333
786341
786397
786430
786825
786950
787091
787232
787297
787587
787615
787674
787692
787792
787811
787937
787997
788014
788154
788180
788878
788908
789170
789379
789439
789453
789596
789741
789774
790054
790072
790114
790264
790372
790481
790648
790812
790815
790865
790965
790970
791618
791639
791734
791810
791867
792022
792023
792067
792199
792227
792264
792509
792603
792642
792745
792781
792806
792856
792890
792943
793151
793186
793199
793228
793251
793509
793523
793743
793750
793775
793974
794175
794253
794540
794666
794928
794932
794986
795001
795086
795110
795192
795384
795621
795668
795816
795824
796054
796215
796433
796616
796673
796686
796783
797119
797132
797188
797204
797229
797302
797303
797351
797409
797421
797724
797747
797796
797798
798130
798177
798242
798452
798468
798663
798677
798710
798737
798826
798923
799064
799209
799893
799925
799946
800104
800236
800307
800357
800362
800562
800793
800900
801127
801131
801168
801179
801196
801275
801436
801728
801860
802009
802026
802173
802470
802941
803091
803139
803318
803329
803590
803771
804118
804159
804190
804198
804440
804536
804653
804714
804754
804818
805174
805281
805322
805327
805670
805673
805749
805833
805904
805947
805992
806128
806219
806311
806480
806768
806852
806855
806901
806971
807139
807268
807376
807409
807434
807514
807577
807737
808041
808307
808570
808668
808712
808733
808839
809118
809329
809354
809394
809432
809707
809859
810070
810242
810255
810258
810395
810484
810510
810651
810788
811401
811582
811588
812026
812089
812111
812508
812597
812616
812622
812727
812754
812926
812992
813242
813353
813358
813611
813805
813940
814018
814082
814192
814390
814459
814510
814527
814968
814994
814995
815040
815079
815251
815333
815405
815581
815659
815834
815902
815970
816098
816122
816160
816303
816320
816333
816396
816401
816408
816421
816519
816540
816629
816788
816841
816929
817158
817214
817298
817325
817451
817562
817583
817601
817709
817984
818061
818152
818188
818349
818360
818376
818420
818634
818636
818655
818737
818888
818893
819000
819067
819476
819665
819670
820111
820233
820531
820565
820588
820632
820634
820710
820778
820789
820848
820884
820916
820952
820995
821065
821414
821611
821779
821831
821851
821853
821897
822306
822354
822444
822585
822830
823080
823128
823131
823173
823376
823415
823518
824055
824075
824079
824389
824430
824440
824497
824550
824605
824782
824820
824904
825027
825066
825162
825204
825512
825542
825732
825739
825809
825856
826053
826067
826084
826111
826133
826148
826272
826319
826512
826522
826541
826561
826722
826842
826899
826921
826923
826945
827047
827227
827315
827405
827453
827607
827637
827699
827883
827901
827930
828251
828352
828381
828412
828726
828727
828838
828928
828982
829145
829325
829412
829461
829551
829826
829983
830116
830199
830271
830331
830346
830631
830686
830717
830723
830742
830756
830828
831018
831092
831193
831238
831259
831423
831573
831578
831846
832489
832754
832761
832774
832855
833011
833159
833388
833420
833497
833525
833603
833669
833688
833884
833945
834141
834313
834447
834594
834613
834855
834885
835064
835112
835159
835202
835249
835252
835455
835481
835541
835589
835591
835870
835941
836012
836245
836397
836465
836478
836726
836730
836814
836934
837118
837230
837279
837307
837410
837444
837671
837805
837856
838064
838077
838087
838146
838246
838405
838450
838465
838473
838511
838564
838652
838893
838982
839063
839074
839126
839140
839313
839318
839343
839463
839533
839571
839602
839615
839872
839873
839892
839916
839964
840165
840183
840198
840481
840617
841076
841317
841328
841429
841461
841542
841557
841686
841696
841865
842225
842485
842536
842576
842578
842676
843091
843284
843425
843690
843772
843799
843812
843863
843878
844059
844173
844236
844287
844444
844605
844632
844673
844738
844762
844784
844921
844946
844974
844978
845026
845200
845531
845630
845757
845841
845924
846040
846217
846238
846301
846347
846571
846574
846655
846683
846721
847087
847095
847417
847444
847474
847497
847692
847799
847996
848018
848119
848178
848182
848266
848308
848347
848409
848491
848551
848552
848668
848722
848777
848795
848918
848928
849348
849355
849368
849395
849398
849440
849542
849607
849630
849652
849663
849710
849739
849745
849956
850023
850373
850432
850498
850506
850568
850589
850690
850697
850709
850830
850979
851053
851097
851177
851184
851192
851236
851264
851314
851406
851412
851566
851605
851618
851731
851809
851881
852168
852205
852221
852269
852406
852421
852475
852638
852642
852707
852733
852755
852995
853016
853118
853484
853561
853624
853690
853697
853779
853836
853993
854117
854137
854240
854415
854521
854584
854592
854768
854997
854998
855067
855435
855491
855509
855532
855614
855760
855953
855976
856357
856598
856721
856970
857210
857247
857371
857642
857675
857760
857801
857804
857842
857918
858017
858029
858068
858123
858129
858134
858260
858306
858604
858724
858788
859018
859041
859084
859144
859205
859273
859427
859433
859491
859501
859504
859551
859728
859783
859804
860017
860246
860345
860637
860660
860708
860885
860977
861050
861066
861117
861288
861310
861393
861522
861621
861673
861756
861769
861822
862003
862025
862220
862238
862621
862623
862781
862913
863018
863068
863553
863907
864004
864157
864175
864262
864434
864436
864448
864482
864543
864727
865003
865080
865197
865430
865494
865577
865648
865649
865653
865664
865699
865737
865858
865968
865972
866035
866181
866414
866511
866531
866533
866690
866736
866839
866926
867012
867026
867029
867039
867074
867100
867129
867447
867589
867856
867866
868155
868172
868216
868351
868442
868573
868612
868676
868699
868709
868804
868838
868840
868900
868920
869043
869071
869113
869254
869274
869280
869826
869939
870000
870040
870044
870158
870238
870274
870304
870309
870598
870959
870966
871112
871179
871192
871253
871493
871630
871643
871663
871741
871749
871812
871868
872084
872096
872128
872190
872206
872227
872285
872516
872538
872793
872841
872956
873204
873441
873577
873714
873724
873840
873846
873891
873922
874016
874044
874353
874488
874500
874510
874513
874528
874808
874871
875060
875294
875525
875570
875703
875845
875855
876000
876137
876203
876254
876291
876382
876580
876653
876655
876812
876817
877026
877034
877130
877187
877301
877326
877386
877451
877484
877609
877612
877652
877991
878017
878061
878085
878152
878236
878243
878301
878374
878380
878552
878754
878857
878933
878967
879042
879144
879150
879229
879262
879382
879509
879513
879621
879751
879791
879925
879927
879934
879998
880004
880027
880213
880251
880392
880573
880588
880619
880794
880806
880876
880891
881296
881343
881540
881576
881613
881618
881731
881920
881995
882081
882161
882352
882624
882779
882850
882985
883048
883070
883215
883260
883478
883553
883599
883623
883717
884145
884184
884192
884339
884705
884718
884769
884893
885097
885110
885178
885183
885375
885465
885520
885657
885700
885961
886016
886091
886110
886142
886173
886230
886248
886402
886518
886580
886592
886763
886788
886797
887215
887381
887404
887518
887528
887746
887796
887890
888055
888134
888174
888211
888422
888464
888515
888590
888840
888942
888976
889165
889271
889327
889409
889544
889684
889744
889834
889878
889887
889902
890147
890152
890362
890613
890673
890931
890945
891017
891041
891046
891084
891238
891390
891398
891570
891684
891740
892301
892314
892562
892590
892643
892701
892794
892849
893104
893133
893211
893298
893591
893619
893679
893749
893756
893841
893862
893957
894085
894136
894221
894270
894322
894394
894425
894511
894646
894808
895053
895109
895145
895149
895156
895308
895549
895647
895713
895791
895837
895882
895914
895960
896007
896028
896034
896156
896199
896289
896425
896429
896754
896792
896814
896846
896866
896871
897067
897078
897121
897420
897578
897664
897695
897988
898163
898258
898328
898396
898450
898587
898626
898775
899023
899039
899168
899237
899340
899543
899648
899910
899938
900162
900183
900221
900306
900678
900783
900868
900911
900952
901024
901092
901242
901294
901476
901497
901513
901603
901704
901877
901929
902056
902165
902185
902197
902284
902302
902453
902541
902585
902597
902688
902752
902914
902967
903030
903153
903154
903171
903280
903295
903379
903471
903599
903749
903763
904033
904222
904403
904477
904515
904683
904752
904778
904825
904941
905291
905322
905532
905538
905562
905622
905850
905875
905914
905924
906054
906115
906275
906452
906566
906622
906718
906785
906859
906880
907024
907199
907246
907249
907439
907499
907803
908024
908114
908146
908209
908236
908301
908302
908310
908453
908479
908578
908682
908811
909231
909341
909355
909451
909453
909502
909616
909638
909646
909740
909868
910182
910373
910383
910576
910679
910693
910791
910890
910990
911171
911179
911262
911375
911437
911445
911520
911554
911788
911869
912075
912199
912219
912276
912310
912342
912351
912589
912611
912637
912703
912742
912757
912820
913325
913387
913457
913567
913646
913684
913710
913777
913911
913933
914076
914146
914153
914215
914298
914320
914413
914622
914754
914878
914907
915076
915255
915299
915316
915541
915566
915567
915616
915762
915801
916048
916278
916360
916363
916516
916635
916692
916731
916787
917119
917191
917342
917653
917921
917943
917958
918040
918110
918242
918293
918368
918402
918501
918527
918675
918728
918926
918941
918945
918964
919404
919477
919608
919627
919635
919869
919921
919950
920055
920102
920132
920188
920199
920250
920325
920378
920618
920782
920889
920892
920942
920943
920986
921041
921116
921173
921326
921332
921387
921509
921537
921783
921870
921947
922060
922139
922722
922776
922897
923074
923089
923094
923119
923504
923647
923683
923706
923817
924012
924065
924078
924374
924510
924846
924895
924896
924996
925010
925060
925156
925165
925180
925216
925277
925458
925528
925747
925860
925937
925969
926108
926215
926295
926396
926829
926904
926982
927109
927264
927296
927343
927392
927569
927591
927904
928071
928119
928144
928483
928611
928624
928751
928780
928812
928979
928999
929063
929227
929313
929435
929473
929485
929622
929699
929714
929754
929781
929883
929899
930004
930114
930239
930453
930495
930625
930719
931086
931205
931327
931413
931540
931980
932046
932140
932143
932201
932258
932310
932336
932417
932463
932649
932705
932911
933062
933241
933259
933297
933365
933431
933501
933534
933604
933632
933669
933798
933835
934026
934194
934216
934304
934329
934336
934515
934810
934837
934852
934870
934977
934997
935286
935298
935301
935316
935555
935850
935920
935997
936019
936043
936364
936542
936823
936939
936940
937088
937146
937260
937303
937438
937547
937590
937628
937816
938093
938170
938284
938389
938478
938492
938598
938654
938676
938681
938695
938778
939216
939315
939369
939525
939536
939634
939676
939717
939757
939909
940189
940279
940857
940860
940874
940972
941013
941096
941221
941313
941509
941681
941762
941866
941952
941994
942064
942119
942125
942254
942284
942311
942404
942408
942449
942626
942746
943151
943197
943207
943399
943485
943653
943715
943718
943902
943905
944115
944247
944317
944449
944596
944623
944713
944724
944737
944859
944908
944929
944932
944986
945004
945187
945353
945397
945405
945557
945810
946023
946157
946263
946405
946460
946618
946755
946774
946876
946902
946946
947072
947426
947433
947742
948041
948171
948209
948267
948310
948383
948417
948511
948513
948760
948810
948846
948879
948996
949011
949084
949301
949332
949352
949400
949416
949434
949506
949560
949621
950052
950134
950251
950400
950533
950539
950541
950579
950756
950793
950796
950924
950943
950994
951079
951228
951247
951272
951526
951691
951787
952043
952049
952101
952109
952325
952501
952515
952710
952791
952883
952897
952920
952932
952992
953036
953136
953230
953328
953341
953383
953640
953741
953854
953982
954179
954513
954557
954624
954641
954681
954779
954838
954978
954985
955142
955154
955176
955375
955507
955526
955592
955612
955682
955723
955795
955892
955948
956086
956487
956617
956626
956706
956879
956903
956936
957093
957218
957252
957495
957573
957640
957699
957807
957995
958021
958099
958100
958181
958364
958464
959074
959084
959098
959119
959250
959470
959631
959670
959800
959931
960009
960129
960209
960240
960274
960361
960403
960504
961112
961185
961330
961372
961468
961476
961531
961644
961687
961865
961885
962057
962209
962277
962379
962474
962697
962707
962750
962828
963005
963050
963092
963311
963416
963528
963622
963794
964084
964202
964319
964392
964414
964527
964753
964826
964869
964877
964949
965030
965144
965226
965382
965409
965463
965507
965581
965616
965661
965702
965717
965742
965777
965799
965850
966028
966156
966248
966486
966590
966715
966745
966777
966811
966867
966890
967001
967009
967106
967345
967413
967475
967630
967677
967797
967930
968086
968100
968157
968244
968282
968362
968407
968519
968669
968788
968934
969018
969231
969561
969572
969604
969745
969749
969972
970019
970022
970213
970340
970360
970387
970421
970533
970751
970830
971270
971297
971461
971524
971535
972099
972142
972147
972240
972426
972640
972713
972748
972873
972951
973011
973207
973267
973291
973490
973607
973672
973733
973799
973946
974069
974111
974120
974202
974295
974399
974444
974855
974858
974875
974994
975137
975265
975415
975646
975687
975715
975769
975858
975896
975947
976045
976080
976203
976290
976416
976625
976647
976680
976791
976804
976891
976897
977052
977130
977299
977542
977664
977668
977678
978055
978075
978091
978194
978352
978428
978526
978541
978612
978885
978917
978919
979027
979051
979302
979321
979378
979380
979542
979579
979687
979898
979980
980045
980525
980614
980722
980989
981153
981232
981347
981385
981529
981549
981563
981709
981714
981781
981966
982116
982235
982297
982475
982531
982538
982594
982612
982905
982943
983061
983416
983475
983478
983528
983551
983552
983630
983846
983859
983886
984234
984271
984334
984403
984484
984512
984558
984629
984737
984741
984803
985124
985374
985463
985467
985471
985566
985698
985855
985870
986067
986080
986131
986181
986215
986227
986256
986272
986287
986389
986597
986616
986770
986906
986978
986991
986999
987173
987267
987391
987423
987507
987512
987520
987548
987637
987715
987743
987895
987965
988106
988207
988223
988380
988529
988537
988603
988667
988692
988809
988929
988958
989104
989270
989356
989398
989488
989779
989817
990029
990215
990571
990773
990776
990836
990865
990953
990997
991002
991004
991030
991105
991178
991290
991294
991374
991390
991514
991590
991591
991688
991764
991829
991899
991942
992122
992124
992241
992278
992308
992392
992407
992467
992531
992553
992585
992595
992682
992768
992794
992843
992993
993029
993176
993200
993421
993435
993468
993485
993599
993622
993733
993980
994077
994103
994145
994241
994296
994334
994345
994495
994607
994838
994842
994857
994975
995076
995095
995131
995141
995228
995285
995361
995364
995449
995476
995598
995696
995729
995959
996246
996255
996366
996623
996951
997200
997204
997320
997374
997474
997487
997591
997603
997769
997775
997801
997843
998161
998192
998212
998273
998723
998774
999004
999340
999407
999507
999816
999903
999960
