1000
5
23
31
62
62
62
69
105
105
180
180
180
180
180
180
180
180
180
212
212
231
231
311
311
320
320
320
320
320
320
320
320
378
378
378
378
378
401
416
416
496
496
496
496
496
496
496
496
496
512
607
607
607
607
666
723
723
723
723
723
723
723
723
723
723
723
723
723
723
723
723
723
723
723
723
723
723
723
723
925
925
925
925
925
925
925
925
925
925
925
950
950
950
950
950
950
950
950
950
1074
1074
1074
1074
1074
1074
1074
1074
1074
1163
1163
1163
1163
1163
1163
1163
1163
1163
1163
1163
1163
1163
1163
1163
1163
1163
1186
1186
1186
1186
1186
1255
1255
1423
1458
1458
2454
2454
2454
2454
2454
2454
2454
2454
2454
2454
2454
2454
2454
2454
2454
2454
2454
2454
2454
2454
2454
2454
2454
2454
2454
2454
2454
2454
2454
2454
2454
2454
2454
2454
2454
2454
2454
2454
2454
2454
2454
2454
2454
2454
2454
2454
2454
2454
2454
2454
2454
2454
2454
2454
2454
2454
2454
2454
2454
2454
2454
2454
2454
2454
2454
2454
2454
2454
2454
2454
2454
2454
2454
2454
2454
2454
2454
2454
2454
2454
2454
2454
2454
2454
2454
2454
2454
2454
2454
2454
2454
2454
2454
2454
2454
2454
2454
2454
2454
2454
2454
2454
2454
2454
2454
2454
2454
2454
2454
2454
2454
2454
2454
2454
2454
2454
2454
2454
2454
2454
2454
2454
2454
2454
2454
2454
2454
2454
2454
2454
2454
2454
2454
2454
2454
2454
2454
2454
2454
2454
2454
2454
2454
2454
2454
2454
2454
2454
2454
2454
2454
2454
2454
2454
2454
2454
2454
2454
2454
2454
2454
2454
2454
2454
2454
2454
2454
2454
2454
2454
2454
2454
2454
2454
2454
2454
2454
2454
2454
2454
2454
2454
2682
2682
2682
2682
2682
2682
2682
2682
2682
2682
2682
2682
2682
2682
2682
2682
2682
2682
2682
2682
2682
2682
2682
2682
2682
2682
2682
2682
2682
2682
2682
2682
2682
2682
2682
2682
2682
2682
2682
2682
2682
2682
2682
2682
2682
2682
2682
2682
2682
2682
2682
2682
2682
2682
2682
2682
2682
2734
2734
2734
2734
2734
2734
2734
2734
2734
2734
2734
2734
2734
2734
3296
3296
3296
3296
3296
3409
3409
3409
3409
3409
3409
3409
3409
3409
3409
3409
3409
3409
3409
3409
3409
3409
3409
3409
3460
3460
3460
3460
3460
3460
3460
4148
4148
4148
4467
4467
4467
4467
4467
4467
4467
4467
4467
4467
4467
4467
4599
4599
4599
4599
4599
4599
4599
4599
4599
4599
4599
4599
4599
4599
4599
4599
4599
4599
4599
4599
4599
4599
4599
4599
4599
4599
4599
4599
4599
4599
4599
4599
4599
4599
4599
4599
4599
4599
4599
4599
4599
4599
4599
4599
4599
4599
4599
4599
4599
4599
4599
4599
4599
4599
4599
4599
4599
4599
4599
4599
4599
4599
4599
4599
4599
4599
4599
4599
4599
4599
4599
4599
4599
4599
4599
4599
4599
4599
4599
4599
4599
4599
4599
4599
4599
4599
4599
4599
4599
4599
4599
4599
4599
4599
4599
4599
4599
4599
4599
4599
4599
4599
4599
4599
4599
4599
4599
4599
4599
4599
4599
4599
4599
4599
4599
4599
4599
4599
4599
4599
4599
4766
4766
4766
4766
4824
4882
4882
4882
4882
4882
4882
4882
4882
4882
4882
4882
4882
4882
4882
4949
4949
5111
5111
5111
5111
5111
5111
5630
5630
5630
5630
5630
5630
5630
5630
5630
5630
5630
5630
5630
5630
5630
5630
5630
5630
5630
5630
5630
5630
5630
5630
5630
5630
5630
5630
5630
5630
5630
5630
5630
5630
5630
5630
5630
5630
5630
5630
5630
5630
5764
5764
5764
5764
5764
5764
5764
5764
5764
5764
5764
5764
5764
5764
5764
5787
5787
5787
5787
5787
5787
5787
5787
5787
5787
5915
5915
5915
5915
5915
5915
5915
5915
5915
5915
5915
5915
5915
5915
5915
6700
6700
6700
6700
6700
6700
6700
6700
6700
6700
6700
6700
6700
6700
6700
6700
6700
6700
6700
6700
6700
6700
6700
6850
6850
6850
6850
6850
6850
6850
6850
6850
6850
6850
6850
6850
6850
6850
6850
6850
6850
6850
6850
6850
6972
7214
7214
7214
7214
7214
7214
7214
7214
7214
7214
7214
7214
7214
7214
7214
7214
7214
7214
7214
7214
7214
7214
7214
7214
7214
7214
7214
7214
7214
7214
7214
7214
7214
7214
7214
7214
7214
7214
7214
7214
7214
7214
7214
7214
7214
7214
7214
7214
7214
7214
7214
7214
7214
7214
7214
7214
7214
7214
7214
7214
7214
7214
7214
7214
7214
7214
7214
7214
7214
7214
7409
7409
7409
7409
7409
7409
7409
7409
7409
7539
7539
7539
7539
7539
7539
7539
7539
7539
7539
7539
7539
7539
7539
7539
7539
7539
7539
7539
7539
7539
7539
7539
7539
7539
7539
7539
7539
7539
7539
7539
7539
7539
7539
7539
7539
7539
7539
7539
7539
7539
7539
7539
7539
7539
7539
7539
7539
7539
7539
7539
7539
7539
7539
7539
7539
7539
7539
7539
7539
7539
7539
7539
7539
7539
7539
7539
7539
7539
7539
7539
7539
7539
7539
7539
7554
7946
7946
7946
7946
7946
7946
7946
7946
7946
7946
7946
7946
7946
7946
8165
8165
8165
8165
8165
8165
8165
8165
8165
8165
8165
8165
8165
8882
8882
8882
8882
8882
8882
8882
8882
8882
8882
8882
8882
8882
8882
8882
8882
8882
8882
8882
9059
9059
9059
9059
9059
9059
9059
9059
9059
9059
9059
9059
9059
9059
9059
9059
9059
9059
9059
9059
9059
9059
9059
9059
9059
9059
9059
9059
9059
9059
9059
9059
9059
9059
9059
9059
9059
9059
9059
9059
9059
9059
9059
9059
9059
9059
9059
9059
9059
9059
9059
9455
9455
9455
9455
9455
9455
9455
9455
9455
9455
9455
9455
9455
9455
9455
9455
9455
9455
9455
9455
9455
9768
9768
9768
9768
9768
9768
9768
9768
9768
9768
9768
9768
9768
9768
9768
9768
9768
9768
