1000
1
1
1
1
1
1
1
1
1
1
1
1
1
1
1
1
1
1
1
1
1
1
1
1
1
1
1
1
1
1
1
1
1
1
1
1
1
1
1
1
1
1
1
1
1
1
1
1
1
1
2
2
2
2
2
2
2
2
2
2
2
2
2
2
2
2
2
2
2
2
2
2
2
2
2
2
2
2
2
2
3
3
3
3
3
3
3
3
3
3
3
3
3
3
3
3
3
3
3
3
4
4
4
4
4
4
4
4
4
4
4
4
4
4
4
4
4
5
5
5
5
5
5
5
5
5
5
5
5
5
6
6
6
6
6
6
6
6
6
6
6
7
7
7
7
7
7
7
7
7
8
8
8
8
8
8
8
8
8
9
9
9
9
9
9
9
9
10
10
10
10
10
10
11
11
11
11
11
11
11
12
12
12
12
12
12
13
13
13
13
13
14
14
14
14
14
15
15
15
15
16
16
16
16
16
17
17
17
17
18
18
18
18
19
19
19
19
20
20
20
21
21
21
22
22
22
22
23
23
23
24
24
24
25
25
25
26
26
27
27
27
28
28
29
29
29
30
30
31
31
31
32
32
33
33
34
34
35
35
36
36
37
37
38
38
39
39
40
41
41
42
42
43
44
44
45
45
46
47
47
48
49
49
50
51
51
52
53
54
54
55
56
57
58
58
59
60
61
62
63
63
64
65
66
67
68
69
70
71
72
73
74
75
76
77
78
79
81
82
83
84
85
86
88
89
90
91
93
94
95
97
98
99
101
102
103
105
106
108
109
111
112
114
116
117
119
121
122
124
126
127
129
131
133
135
137
139
141
143
145
147
149
151
153
155
157
159
162
164
166
168
171
173
176
178
181
183
186
188
191
194
196
199
202
205
207
210
213
216
219
222
225
229
232
235
238
242
245
248
252
255
259
263
266
270
274
278
282
286
290
294
298
302
306
310
315
319
324
328
333
337
342
347
352
357
362
367
372
377
382
388
393
398
404
410
415
421
427
433
439
445
451
458
464
471
477
484
491
497
504
511
519
526
533
541
548
556
564
572
580
588
596
604
613
621
630
639
648
657
666
675
685
694
704
714
724
734
744
754
765
776
786
797
809
820
831
843
855
867
879
891
903
916
929
942
955
968
982
995
1009
1023
1038
1052
1067
1082
1097
1112
1128
1144
1160
1176
1192
1209
1226
1243
1260
1278
1296
1314
1332
1351
1370
1389
1408
1428
1448
1468
1488
1509
1530
1552
1573
1595
1618
1640
1663
1686
1710
1734
1758
1782
1807
1833
1858
1884
1910
1937
1964
1991
2019
2047
2076
2105
2134
2164
2194
2225
2256
2288
2320
2352
2385
2418
2452
2486
2521
2556
2592
2628
2665
2702
2740
2778
2817
2856
2896
2936
2977
3019
3061
3104
3147
3191
3236
3281
3326
3373
3420
3468
3516
3565
3615
3666
3717
3769
3821
3875
3929
3983
4039
4095
4153
4211
4269
4329
4389
4451
4513
4576
4640
4705
4770
4837
4904
4973
5042
5113
5184
5256
5330
5404
5480
5556
5634
5712
5792
5873
5955
6038
6122
6208
6295
6382
6472
6562
6653
6746
6841
6936
7033
7131
7231
7332
7434
7538
7643
7750
7858
7967
8079
8191
8306
8422
8539
8659
8779
8902
9026
9152
9280
9410
9541
9674
9809
9946
10085
10226
10369
10513
10660
10809
10960
11113
11268
11425
11585
11746
11910
12077
12245
12416
12590
12765
12944
13124
13307
13493
13682
13873
14066
14263
14462
14664
14868
15076
15286
15500
15716
15935
16158
16383
16612
16844
17079
17318
17559
17805
18053
18305
18561
18820
19082
19349
19619
19893
20171
20452
20738
21027
21321
21618
21920
22226
22536
22851
23170
23493
23821
24154
24491
24833
25180
25531
25888
26249
26615
26987
27364
27746
28133
28526
28924
29328
29737
30152
30573
31000
31433
31871
32316
32767
33225
33689
34159
34636
35119
35610
36107
36611
37122
37640
38165
38698
39238
39786
40342
40905
41476
42055
42642
43237
43841
44453
45073
45702
46340
46987
47643
48308
48983
49667
50360
51063
51776
52498
53231
53974
54728
55492
56266
57052
57848
58656
59475
60305
61147
62000
62866
63743
64633
65535
66450
67378
68319
69272
70239
71220
72214
73222
74244
75281
76331
77397
78477
79573
80684
81810
82952
84110
85284
86475
87682
88906
90147
91405
92681
93975
95287
96617
97966
99334
100720
102126
103552
104997
106463
107949
109456
110984
112533
114104
115697
117312
118950
120610
122294
124001
125732
127487
129267
131071
132901
134756
136638
138545
140479
142440
144428
146445
148489
150562
152663
154795
156955
159146
161368
163621
165905
168221
170569
172950
175364
177812
180295
182811
185363
187951
190575
193235
195932
198668
201441
204253
207104
209995
212927
215899
218913
221969
225067
228209
231395
234625
237900
241221
244589
248003
251465
254975
258534
262143
265803
269513
273276
277090
280958
284881
288857
292890
296978
301124
305327
309590
313911
318293
322737
327242
331810
336442
341138
345901
350729
355625
360590
365623
370727
375902
381150
386470
391865
397336
402882
408506
414209
419991
425854
431798
437826
443938
450135
456419
462790
469250
475801
482443
489178
496006
502930
509951
517069
524287
531606
539027
546552
554181
561917
569762
577715
585780
593957
602248
610655
619180
627823
636587
645474
654484
663620
672884
682277
691802
701459
711251
721180
731247
741455
751805
762300
772941
783731
794672
805765
817013
828418
839982
851708
863597
875653
887876
900271
912838
925581
938501
951602
964886
978356
992013
1005861
1019902
1034139