1000
5
15
18
20
23
31
32
36
51
62
69
105
112
171
176
180
180
212
224
231
233
275
288
296
311
317
320
350
352
358
363
371
373
378
382
391
401
416
418
422
428
437
453
473
479
482
482
496
497
504
512
536
539
560
561
572
589
594
605
607
609
612
616
626
632
641
641
654
666
701
702
702
723
725
798
815
820
823
823
827
862
880
885
886
925
946
949
950
958
977
987
999
1002
1014
1018
1023
1061
1065
1070
1074
1083
1089
1097
1098
1103
1110
1116
1134
1138
1145
1149
1163
1167
1169
1170
1174
1176
1186
1188
1218
1220
1255
1263
1312
1330
1331
1344
1350
1366
1369
1380
1381
1382
1419
1420
1423
1454
1458
1470
1488
1508
1510
1511
1518
1537
1542
1549
1552
1553
1566
1568
1576
1588
1589
1592
1595
1614
1615
1622
1624
1633
1638
1648
1651
1669
1669
1671
1673
1676
1678
1679
1684
1705
1705
1722
1732
1742
1758
1761
1783
1819
1836
1848
1881
1907
1934
1936
1949
1962
1976
1977
1999
2022
2028
2030
2034
2035
2047
2055
2056
2064
2070
2097
2098
2101
2106
2136
2146
2149
2159
2182
2184
2208
2225
2230
2233
2238
2238
2240
2242
2244
2245
2250
2259
2269
2281
2288
2293
2295
2298
2332
2364
2393
2395
2395
2398
2403
2405
2406
2415
2424
2426
2431
2436
2438
2446
2453
2454
2455
2457
2466
2471
2471
2482
2485
2492
2500
2503
2556
2558
2582
2607
2627
2628
2635
2657
2661
2672
2672
2682
2697
2699
2704
2713
2718
2734
2735
2747
2749
2764
2781
2793
2814
2832
2839
2861
2871
2877
2881
2892
2895
2904
2930
2946
2969
2981
2984
2993
3007
3020
3030
3041
3042
3050
3062
3080
3112
3114
3119
3127
3131
3141
3141
3171
3187
3188
3195
3196
3200
3227
3249
3269
3283
3296
3345
3387
3390
3391
3397
3399
3399
3409
3425
3426
3442
3456
3460
3470
3492
3495
3520
3521
3540
3587
3589
3602
3610
3612
3614
3625
3639
3650
3658
3663
3671
3677
3682
3691
3696
3702
3704
3705
3713
3725
3740
3742
3754
3764
3804
3824
3843
3847
3854
3872
3883
3886
3887
3890
3897
3900
3902
3908
3931
3943
3947
3958
3961
3964
3981
3983
4012
4014
4033
4044
4068
4081
4084
4094
4106
4113
4114
4117
4118
4120
4130
4136
4138
4144
4148
4148
4150
4156
4171
4176
4181
4187
4192
4203
4213
4220
4234
4244
4248
4263
4267
4275
4300
4317
4329
4338
4357
4405
4430
4438
4439
4467
4480
4482
4487
4490
4502
4504
4517
4517
4521
4529
4538
4543
4545
4554
4575
4579
4582
4585
4586
4594
4599
4602
4607
4613
4622
4649
4650
4651
4681
4684
4688
4700
4703
4738
4766
4777
4778
4779
4785
4786
4791
4824
4825
4829
4840
4844
4847
4858
4865
4882
4889
4890
4890
4943
4949
4952
4961
4972
4980
4986
4992
4993
5008
5010
5017
5024
5024
5049
5050
5050
5054
5074
5077
5091
5095
5107
5111
5119
5132
5154
5167
5170
5174
5176
5176
5180
5181
5199
5264
5265
5277
5286
5304
5324
5332
5340
5345
5347
5368
5370
5370
5372
5380
5386
5404
5408
5410
5411
5417
5448
5450
5453
5458
5477
5482
5484
5491
5495
5502
5513
5514
5538
5548
5549
5558
5565
5571
5580
5584
5601
5618
5625
5625
5630
5636
5638
5652
5656
5657
5679
5680
5710
5718
5727
5730
5740
5757
5764
5773
5781
5783
5784
5787
5804
5804
5814
5814
5874
5907
5914
5915
5919
5922
5926
5934
5936
5938
5944
5952
5960
5984
5988
6009
6027
6031
6035
6046
6048
6055
6056
6057
6060
6067
6068
6078
6082
6096
6097
6101
6104
6106
6132
6137
6141
6153
6168
6192
6204
6232
6246
6261
6279
6290
6325
6333
6334
6336
6340
6348
6356
6370
6378
6414
6420
6425
6428
6433
6437
6449
6465
6466
6477
6498
6500
6500
6513
6514
6530
6539
6554
6569
6573
6585
6586
6592
6631
6633
6649
6690
6696
6700
6705
6713
6722
6727
6727
6739
6756
6758
6783
6788
6798
6804
6816
6819
6836
6844
6850
6852
6859
6859
6860
6871
6886
6894
6905
6907
6943
6961
6961
6965
6970
6972
6990
7077
7086
7093
7097
7113
7114
7130
7140
7141
7145
7146
7172
7179
7188
7214
7234
7236
7236
7241
7250
7253
7257
7262
7265
7274
7276
7283
7289
7302
7311
7324
7365
7370
7375
7385
7388
7409
7413
7429
7431
7435
7456
7464
7495
7507
7516
7519
7530
7533
7539
7547
7554
7571
7598
7601
7617
7619
7621
7623
7626
7630
7644
7648
7672
7682
7682
7710
7714
7742
7766
7771
7774
7778
7782
7788
7803
7828
7839
7845
7850
7865
7886
7889
7929
7942
7946
7952
7952
7960
7983
7985
7998
8003
8012
8015
8018
8060
8062
8063
8070
8120
8136
8156
8162
8162
8165
8166
8168
8183
8184
8184
8196
8196
8218
8225
8229
8251
8268
8276
8297
8302
8310
8316
8347
8351
8381
8384
8427
8440
8441
8484
8498
8508
8510
8523
8524
8527
8530
8540
8545
8558
8558
8559
8564
8566
8582
8591
8592
8599
8632
8634
8641
8649
8649
8656
8659
8674
8679
8705
8714
8717
8720
8732
8739
8767
8767
8775
8780
8783
8795
8815
8816
8817
8822
8829
8837
8839
8855
8862
8880
8882
8883
8891
8894
8908
8920
8922
8930
8946
8950
8979
8979
9010
9011
9021
9024
9027
9030
9031
9041
9059
9072
9073
9087
9092
9121
9129
9138
9149
9177
9196
9205
9236
9239
9245
9268
9310
9330
9341
9349
9353
9360
9365
9374
9390
9404
9422
9423
9436
9440
9455
9460
9465
9472
9500
9504
9505
9513
9513
9522
9526
9540
9549
9568
9569
9572
9579
9594
9599
9609
9610
9611
9618
9621
9626
9646
9661
9673
9706
9713
9716
9737
9739
9747
9762
9768
9769
9808
9813
9832
9832
9844
9856
9864
9868
9869
9879
9883
9884
9890
9891
9897
9907
9921
9931
9937
9952
9989
9993
9997
