1000
06783
01553
08070
01110
00453
07507
01576
06192
07598
08656
03030
07140
03171
00422
06756
01568
05495
06246
05404
09330
03050
04517
09673
02064
01369
06554
07435
03399
01588
06965
06048
08162
06819
06961
05984
04490
05679
05657
04993
04187
07630
09500
00589
09884
02136
04317
07710
08591
04545
04203
00180
01678
06631
04594
01615
06727
08732
09149
08351
07601
02503
04014
03704
03456
07145
06477
06046
07619
06690
04986
07234
05804
01149
07621
04150
01705
05804
01742
06586
08524
00987
04213
04585
03702
06788
02814
06378
02457
09360
02405
05332
09883
09706
05017
00032
08316
06513
01312
02558
04156
03399
03983
02106
05784
00504
09440
04684
02250
02861
08530
03397
05176
02635
05054
09832
04033
05638
00482
00479
09713
06722
00311
01684
01549
09869
07571
05730
05277
06433
04972
02295
03195
06816
07093
09465
07889
06758
08829
07850
04651
00317
05584
08018
04554
00823
03614
07983
08564
06336
05548
07714
04487
02244
09268
07865
08559
07644
03080
02238
07533
09349
02492
04130
02657
08837
04114
04579
06204
05988
01705
06056
04504
00437
03764
00350
09374
00428
03589
07682
03587
01624
09626
01669
07179
03020
01669
02969
04248
04703
09073
02424
05680
07172
03740
02556
03682
05324
00176
03492
00020
00473
09010
09072
06333
01977
02395
05077
01331
04144
02466
01907
09027
07516
02500
07262
01103
05514
01083
05565
06141
06325
07774
07086
02436
08268
01651
06437
07253
09897
07547
02230
04438
03390
02070
08427
08218
01622
09423
02047
04439
04081
08484
03426
00539
05372
08523
03696
05008
06057
00171
00572
03196
02146
01176
05710
05926
03947
04275
08136
05922
01023
07097
07845
08310
08297
04192
06514
08510
03886
00363
03897
02946
05773
01170
06705
05010
08120
09579
09239
04847
02781
09993
04738
05538
03902
02747
04267
09891
03824
03639
05727
00950
05408
08855
01116
06031
08634
00536
06990
05718
05491
08060
05936
02364
00036
08815
00605
08184
08816
05265
07788
02832
07130
05176
08184
07771
01949
02930
06334
01510
03847
03442
01382
05944
04543
04779
09813
09138
09011
01648
00018
02699
08440
09618
00612
05199
07250
05636
04118
02454
04992
07778
01566
04171
01836
09436
01167
02398
05304
03958
08720
04300
05960
06168
07324
06420
03961
08979
08566
07241
04517
06232
05618
06466
01732
04044
04791
00358
07146
00632
09907
03521
08679
02159
08767
05938
04529
02984
06465
02672
02233
01614
01065
06009
03387
01881
02627
08891
08883
01638
05347
06414
02453
04607
09041
07648
00382
05580
01002
06649
03691
03625
09472
01380
09569
04106
05625
02415
09762
05814
03041
05024
04613
00594
06097
03964
01783
05170
03908
01420
03883
04263
05286
07283
09092
03187
05450
01330
05625
01671
05024
05952
06894
08908
06798
00015
07276
00626
02471
03742
03425
09513
06132
00560
00371
02431
02993
01962
09021
06970
05919
07530
00616
03671
02242
09747
09952
02055
08922
00418
03612
07302
08276
04234
07456
03890
05477
05107
01537
02240
05370
06055
00702
04890
07274
05050
08558
07942
01722
03114
00224
03658
09353
00958
06101
06261
08558
00112
09937
05167
04480
00023
06530
00233
04688
05907
08527
08225
05502
02035
00051
02582
02403
02877
05453
00827
08739
02269
09739
02298
02713
06340
07114
03520
01595
02098
08381
09341
09460
04068
02446
02281
03943
06068
06290
02881
03062
08775
02607
04649
01542
04502
09549
00946
07672
00949
04858
00496
07998
08347
06569
00069
09611
08062
03283
04117
06852
02904
02030
00296
03119
09504
02245
05095
07113
09390
00373
06428
06106
06859
08012
06027
00654
03188
05154
03200
04980
09087
04785
02661
09404
01518
03854
05601
02718
08599
08003
06356
01098
02332
08632
05549
06137
04952
01174
04889
01145
04865
00823
09864
03112
02438
03872
09129
06067
01673
07626
00561
08894
02697
03249
02395
02628
05781
05380
07236
07682
03042
03705
09661
09856
00815
01758
07257
06500
06592
03227
09879
00641
01138
08196
05787
09236
01819
07370
04181
09121
01633
08950
07375
09997
05757
09610
02471
04586
05484
03391
09931
05448
06713
09526
01679
09599
05482
02034
04094
08659
06500
02288
01097
00212
03900
03345
09365
05630
00880
07431
09422
03141
08780
01999
09196
02184
01169
00885
07289
06153
00275
01220
00497
01014
04786
08880
03602
04120
02097
04829
01470
01089
08508
04136
07985
03131
07803
07828
09505
06804
09890
04582
05049
08920
03269
01381
06060
05264
03754
08183
09609
04084
09989
06844
08649
01508
01552
02764
05934
07952
08592
07839
02871
00977
08166
02406
08156
00378
06585
09024
08540
07782
08251
01218
04575
09737
05558
09621
09572
01134
01366
06539
06096
06836
05652
01263
07623
08717
06696
01419
04599
03409
05132
02981
05814
09568
07766
02482
02749
02704
03981
08168
06573
04943
08498
06035
02734
06633
00062
04244
04961
07385
09177
00725
01070
02455
00609
02793
03663
02101
05410
02238
02682
06425
00288
06961
03931
08162
00862
05074
07617
05119
08862
08229
00352
09594
04176
03804
04338
00886
03127
06727
04825
02735
02022
04602
02028
00391
00105
00607
09522
02293
08165
02839
07519
04650
02208
05417
02259
07929
04521
08795
03610
05091
06498
09832
04681
00641
09031
01761
04113
03470
01589
08649
06905
03650
07946
07265
03713
07141
01676
04138
01344
09769
00702
00999
05783
08015
05368
08063
06348
04430
01186
09205
05345
00416
07188
04844
08979
06886
02393
08822
06104
05370
06860
04778
00482
04538
05656
01454
00925
01511
02895
05458
00820
04148
00798
06907
03725
04357
06739
09030
02892
00701
04777
09245
04220
09844
08441
04329
04482
07539
06082
09646
06449
07388
04012
07495
08946
01188
04622
09808
01592
06370
05740
03887
00401
07960
03495
00231
02056
08930
01074
03677
08714
05340
00512
03007
06279
06078
02149
08545
00031
08783
09768
05571
09513
05874
06871
02225
05513
01936
03460
01488
01061
05111
07077
07236
05180
07413
09868
00666
00180
08674
01018
04405
04882
08817
08582
08302
07952
02182
00005
02672
06850
01934
04840
03540
01255
04700
03141
01350
08839
08196
01848
09455
02485
05174
07365
09310
05411
05050
00723
04766
01976
05181
08384
05915
07429
02426
06859
05386
00320
07311
09716
04824
07742
07886
05914
04890
08882
06943
09540
01423
08767
09921
04949
08641
01163
04148
07464
03843
03296
07409
01458
07554
05764
04467
08705
06972
06700
07214
09059